[gd_scene load_steps=66 format=4 uid="uid://bw8b6eelsppom"]

[ext_resource type="Script" uid="uid://ds3tfs5jxwsov" path="res://assets/objects/bosses/tweak-final/tweak-final.gd" id="1_l0fvu"]
[ext_resource type="Shader" uid="uid://pe5qsihfsc8k" path="res://assets/shaders/object/paletteLighting-noalpha.gdshader" id="2_nwbve"]
[ext_resource type="Texture2D" uid="uid://glfqlvsehrfr" path="res://assets/objects/bosses/tweak-final/tweak-final_Tweak.png" id="3_syh3i"]
[ext_resource type="Texture2D" uid="uid://dq57ibbik2xvj" path="res://assets/objects/bosses/tweak-final/tweak-final_Tweak_a.png" id="5_f35fk"]
[ext_resource type="Texture2D" uid="uid://c0xo4v04kj0me" path="res://assets/data/shade-gradient/SHR_diffuse.tres" id="7_wpihq"]
[ext_resource type="Texture2D" uid="uid://dwjowmisrqydl" path="res://assets/data/shade-gradient/SHR_specular.tres" id="8_k1lup"]
[ext_resource type="Script" uid="uid://cylvsdkv8kq7n" path="res://assets/scripts/classes/obstacle_class.gd" id="8_n1b3q"]
[ext_resource type="Shader" uid="uid://bdrwiprw3hnm1" path="res://assets/shaders/object/colorMod3D.gdshader" id="9_wceop"]
[ext_resource type="Animation" uid="uid://bmn376pl73jmk" path="res://assets/objects/bosses/tweak-final/anims/Attack_Grow.res" id="10_52oqv"]
[ext_resource type="Texture2D" uid="uid://bph6gewxnb6mk" path="res://assets/images/entities/tweak/gooey.png" id="11_o31xg"]
[ext_resource type="Animation" uid="uid://dkr3103cf2qte" path="res://assets/objects/bosses/tweak-final/anims/Attack_Grow_Return.res" id="11_wd7by"]
[ext_resource type="Script" uid="uid://cw0v2mcmidkn6" path="res://assets/objects/bosses/tweak/gooey.gd" id="12_hnqx1"]
[ext_resource type="Animation" uid="uid://dw3cfyc0y81pj" path="res://assets/objects/bosses/tweak-final/anims/Attack_Slam_ref1.res" id="12_syh3i"]
[ext_resource type="Script" uid="uid://do3ib7cpvvinc" path="res://assets/scripts/classes/subtitle_sound_general.gd" id="13_3o5sn"]
[ext_resource type="Texture2D" uid="uid://fvopa4yo5pm2" path="res://assets/images/fx/shadow.png" id="13_mta7s"]
[ext_resource type="AudioStream" uid="uid://vxa47svmayl5" path="res://assets/sounds/boss/tweak-final_breath-in.ogg" id="13_nwbve"]
[ext_resource type="AudioStream" uid="uid://oed82ga8isma" path="res://assets/sounds/boss/tweak-final_whistle.ogg" id="14_nwbve"]
[ext_resource type="AudioStream" uid="uid://cuwpoj5vd8h6x" path="res://assets/sounds/boss/tweak-final_lift.ogg" id="18_q2bye"]
[ext_resource type="AudioStream" uid="uid://xyxqnpvoaa10" path="res://assets/sounds/boss/tweak-final_drop.ogg" id="19_6164b"]

[sub_resource type="ShaderMaterial" id="ShaderMaterial_n1b3q"]
render_priority = 1
shader = ExtResource("2_nwbve")
shader_parameter/albedo_texture = ExtResource("3_syh3i")
shader_parameter/diffuse_gradient = ExtResource("7_wpihq")
shader_parameter/specular_gradient = ExtResource("8_k1lup")
shader_parameter/emissive_texture = ExtResource("5_f35fk")
shader_parameter/fade_start = 0.0
shader_parameter/fade_end = 0.0

[sub_resource type="Gradient" id="Gradient_gkijb"]
offsets = PackedFloat32Array(0)
colors = PackedColorArray(0, 0, 0, 1)

[sub_resource type="GradientTexture1D" id="GradientTexture1D_rmr6j"]
gradient = SubResource("Gradient_gkijb")

[sub_resource type="ShaderMaterial" id="ShaderMaterial_8v75u"]
render_priority = 1
shader = ExtResource("9_wceop")
shader_parameter/tex = SubResource("GradientTexture1D_rmr6j")
shader_parameter/flash_color = Color(1, 1, 1, 1)
shader_parameter/intensity = 0.0
shader_parameter/doTransparency = true

[sub_resource type="ArrayMesh" id="ArrayMesh_52oqv"]
resource_name = "tweak-final_Plane_005"
_surfaces = [{
"aabb": AABB(-7.54544, 30.7426, 13.6055, 1.84336, 3.55751, 0.437067),
"attribute_data": PackedByteArray("kVYMP7hKvT7OqkE/zIeCPs6qQT+2Sr0+kVYMP8yHgj7OqkE/tkq9Pgr/dj/Mh4I+Cf92P7RKvT7OqkE/zIeCPs6qQT/Mh4I+Cf92P8SJDz4K/3Y/zIeCPsyqQT/EiQ8+kVYMP8yHgj7MqkE/xIkPPs6qQT/Mh4I+kFYMP8SJDz4="),
"bone_aabbs": [AABB(0, 0, 0, -1, -1, -1), AABB(0, 0, 0, -1, -1, -1), AABB(0, 0, 0, -1, -1, -1), AABB(0, 0, 0, -1, -1, -1), AABB(0, 0, 0, -1, -1, -1), AABB(0, 0, 0, -1, -1, -1), AABB(0, 0, 0, -1, -1, -1), AABB(0, 0, 0, -1, -1, -1), AABB(0, 0, 0, -1, -1, -1), AABB(0, 0, 0, -1, -1, -1), AABB(0, 0, 0, -1, -1, -1), AABB(0, 0, 0, -1, -1, -1), AABB(0, 0, 0, -1, -1, -1), AABB(0, 0, 0, -1, -1, -1), AABB(0, 0, 0, -1, -1, -1), AABB(0, 0, 0, -1, -1, -1), AABB(0, 0, 0, -1, -1, -1), AABB(0, 0, 0, -1, -1, -1), AABB(0, 0, 0, -1, -1, -1), AABB(0, 0, 0, -1, -1, -1), AABB(0, 0, 0, -1, -1, -1), AABB(0, 0, 0, -1, -1, -1), AABB(0, 0, 0, -1, -1, -1), AABB(0, 0, 0, -1, -1, -1), AABB(0, 0, 0, -1, -1, -1), AABB(0, 0, 0, -1, -1, -1), AABB(0, 0, 0, -1, -1, -1), AABB(0, 0, 0, -1, -1, -1), AABB(0, 0, 0, -1, -1, -1), AABB(0, 0, 0, -1, -1, -1), AABB(0, 0, 0, -1, -1, -1), AABB(0, 0, 0, -1, -1, -1), AABB(0, 0, 0, -1, -1, -1), AABB(0, 0, 0, -1, -1, -1), AABB(0, 0, 0, -1, -1, -1), AABB(0, 0, 0, -1, -1, -1), AABB(0, 0, 0, -1, -1, -1), AABB(0, 0, 0, -1, -1, -1), AABB(0, 0, 0, -1, -1, -1), AABB(0, 0, 0, -1, -1, -1), AABB(0, 0, 0, -1, -1, -1), AABB(0, 0, 0, -1, -1, -1), AABB(0, 0, 0, -1, -1, -1), AABB(0, 0, 0, -1, -1, -1), AABB(0, 0, 0, -1, -1, -1), AABB(0, 0, 0, -1, -1, -1), AABB(0, 0, 0, -1, -1, -1), AABB(0, 0, 0, -1, -1, -1), AABB(0, 0, 0, -1, -1, -1), AABB(0, 0, 0, -1, -1, -1), AABB(0, 0, 0, -1, -1, -1), AABB(0, 0, 0, -1, -1, -1), AABB(0, 0, 0, -1, -1, -1), AABB(0, 0, 0, -1, -1, -1), AABB(0, 0, 0, -1, -1, -1), AABB(0, 0, 0, -1, -1, -1), AABB(0, 0, 0, -1, -1, -1), AABB(0, 0, 0, -1, -1, -1), AABB(0, 0, 0, -1, -1, -1), AABB(0, 0, 0, -1, -1, -1), AABB(0, 0, 0, -1, -1, -1), AABB(0, 0, 0, -1, -1, -1), AABB(0, 0, 0, -1, -1, -1), AABB(0, 0, 0, -1, -1, -1), AABB(0, 0, 0, -1, -1, -1), AABB(0, 0, 0, -1, -1, -1), AABB(0, 0, 0, -1, -1, -1), AABB(0, 0, 0, -1, -1, -1), AABB(0, 0, 0, -1, -1, -1), AABB(0, 0, 0, -1, -1, -1), AABB(0, 0, 0, -1, -1, -1), AABB(0, 0, 0, -1, -1, -1), AABB(0, 0, 0, -1, -1, -1), AABB(0, 0, 0, -1, -1, -1), AABB(0, 0, 0, -1, -1, -1), AABB(0, 0, 0, -1, -1, -1), AABB(0, 0, 0, -1, -1, -1), AABB(0, 0, 0, -1, -1, -1), AABB(-7.54544, 30.7426, 13.6055, 1.84336, 3.30364, 0.437067), AABB(0, 0, 0, -1, -1, -1), AABB(0, 0, 0, -1, -1, -1), AABB(0, 0, 0, -1, -1, -1), AABB(0, 0, 0, -1, -1, -1), AABB(0, 0, 0, -1, -1, -1), AABB(0, 0, 0, -1, -1, -1), AABB(0, 0, 0, -1, -1, -1), AABB(0, 0, 0, -1, -1, -1), AABB(0, 0, 0, -1, -1, -1), AABB(0, 0, 0, -1, -1, -1), AABB(0, 0, 0, -1, -1, -1), AABB(0, 0, 0, -1, -1, -1), AABB(0, 0, 0, -1, -1, -1), AABB(0, 0, 0, -1, -1, -1), AABB(0, 0, 0, -1, -1, -1), AABB(-7.54544, 30.7426, 13.6055, 1.84336, 3.55751, 0.437067), AABB(0, 0, 0, -1, -1, -1), AABB(0, 0, 0, -1, -1, -1), AABB(0, 0, 0, -1, -1, -1), AABB(0, 0, 0, -1, -1, -1), AABB(-7.54544, 30.7426, 13.6055, 1.84336, 3.30364, 0.341932)],
"format": 34359745559,
"index_count": 24,
"index_data": PackedByteArray("AAABAAIAAAADAAEABAAFAAYABAAHAAUACAAJAAoACAALAAkADAANAA4ADAAPAA0A"),
"name": "Material",
"primitive": 3,
"skin_data": PackedByteArray("XgBOAGMAAAB+3vwfhAEAAE4AXgBjAAAAJtDIGRAWAABOAGMAXgAAAImhejP7KgAAXgAAAAAAAAD//wAAAAAAAE4AYwBeAAAAiaF6M/sqAABjAE4AXgAAAOXD4jM3CAAAYwBOAF4AAAC7tKg8mg4AAE4AXgBjAAAAJtDIGRAWAABOAF4AYwAAACbQyBkQFgAAYwBOAF4AAADd3lcfyQEAAGMATgBeAAAA5cPiMzcIAABOAF4AYwAAAEukkTkiIgAAXgAAAAAAAAD//wAAAAAAAE4AXgBjAAAAS6SROSIiAABOAF4AYwAAACbQyBkQFgAAXgBOAAAAAADE7ToSAAAAAA=="),
"uv_scale": Vector4(0, 0, 0, 0),
"vertex_count": 16,
"vertex_data": PackedByteArray("Nk3owFcvCEJEc11B5/XTwN8VAkI9L11BSXTxwORsAkLMNVtBAlTPwFEzCULUe19BSXTxwORsAkLMNVtBzJfYwNrw9UGn4lpBxeHvwJcV+UEhsFlB5/XTwN8VAkI9L11B5/XTwN8VAkI9L11Bmp6/wM3490E461xBzJfYwNrw9UGn4lpBgne2wNq+AUKvKF9BAlTPwFEzCULUe19Bgne2wNq+AUKvKF9B5/XTwN8VAkI9L11BCwq4wPKgB0JbrmBBJ3GoeK1qGoYncah4CGZHiCdxqHjGYs6JJ3GoeCNueoQncah4WXH4gidxqHj3dc6AJ3GoeG6L8YEncah4I256hCdxqHgIZkeIJ3GoeK1qGoYncah4I256hCdxqHjFYs6JJ3GoePd1zoAncah4WXH4gidxqHgjbnqEJ3GoeG6L8YE=")
}]
blend_shape_mode = 0

[sub_resource type="Skin" id="Skin_wd7by"]
resource_name = "Skin"
bind_count = 118
bind/0/name = &"Shoulder_R.R"
bind/0/bone = -1
bind/0/pose = Transform3D(-0.0682969, -0.521016, 0.85081, 0.694552, -0.637031, -0.334348, 0.716193, 0.568097, 0.40538, 8.34195, 11.7758, -10.5642)
bind/1/name = &"Arm_1_R.R"
bind/1/bone = -1
bind/1/pose = Transform3D(0.00561174, -0.443209, 0.8964, 0.999924, 0.0123353, -0.000160826, -0.0109862, 0.896333, 0.443245, 6.97038, -3.49906, -12.9805)
bind/2/name = &"Arm_2_R.R"
bind/2/bone = -1
bind/2/pose = Transform3D(0.00561161, -0.443209, 0.8964, 0.999924, 0.0123351, -0.000160793, -0.010986, 0.896333, 0.443245, 6.97038, -5.95712, -12.9805)
bind/3/name = &"Arm_3_R.R"
bind/3/bone = -1
bind/3/pose = Transform3D(0.00561153, -0.443209, 0.8964, 0.999924, 0.0123349, -0.000160804, -0.0109858, 0.896333, 0.443245, 6.97038, -9.13462, -12.9805)
bind/4/name = &"Arm_4_R.R"
bind/4/bone = -1
bind/4/pose = Transform3D(0.00561164, -0.443209, 0.8964, 0.999924, 0.0123352, -0.000160784, -0.0109861, 0.896333, 0.443245, 6.97038, -12.1323, -12.9805)
bind/5/name = &"Arm_5_R.R"
bind/5/bone = -1
bind/5/pose = Transform3D(0.0056117, -0.443209, 0.8964, 0.999924, 0.0123352, -0.000160823, -0.0109861, 0.896333, 0.443245, 6.97038, -15.01, -12.9805)
bind/6/name = &"Arm_6_R.R"
bind/6/bone = -1
bind/6/pose = Transform3D(0.0500206, -0.440397, 0.896409, 0.993517, 0.113682, 0.000411428, -0.102087, 0.890577, 0.443228, 6.13144, -19.5272, -11.2597)
bind/7/name = &"Arm_7_R.R"
bind/7/bone = -1
bind/7/pose = Transform3D(0.0489237, -0.440538, 0.896399, 0.99389, 0.110375, -2.16067e-07, -0.0989405, 0.890922, 0.443247, 6.15647, -22.4043, -11.3306)
bind/8/name = &"Arm_8_R.R"
bind/8/bone = -1
bind/8/pose = Transform3D(-0.0349089, -0.445984, 0.89436, 0.996006, 0.0580637, 0.0678306, -0.0821813, 0.893155, 0.442176, 8.24418, -24.6786, -11.7665)
bind/9/name = &"Palm_R.R"
bind/9/bone = -1
bind/9/pose = Transform3D(-0.0889814, -0.447561, 0.889816, 0.995037, -1.00583e-07, 0.0995035, -0.0445339, 0.894253, 0.44534, 9.7532, -27.3055, -12.8172)
bind/10/name = &"Knuckle_1_R.R"
bind/10/bone = -1
bind/10/pose = Transform3D(0.609193, -0.447561, 0.654655, 0.732069, -1.04308e-07, -0.68123, 0.304892, 0.894253, 0.327645, -11.1217, -21.893, -23.2647)
bind/11/name = &"Pinky_1_R.R"
bind/11/bone = -1
bind/11/pose = Transform3D(0.0113188, -0.447561, 0.894182, 0.99992, -1.3737e-07, -0.0126574, 0.00566494, 0.894253, 0.447525, 8.80501, -32.4206, -13.2917)
bind/12/name = &"Pinky_2_R.R"
bind/12/bone = -1
bind/12/pose = Transform3D(-0.0557818, -0.447561, 0.892512, 0.998053, -1.04308e-07, 0.062378, -0.027918, 0.894253, 0.446689, 11.1586, -34.9183, -12.1138)
bind/13/name = &"Pinky_3_R.R"
bind/13/bone = -1
bind/13/pose = Transform3D(-0.178879, -0.435075, 0.882447, 0.968745, -0.234555, 0.0807285, 0.17186, 0.869306, 0.463434, 15.5368, -32.2951, -19.1443)
bind/14/name = &"Knuckle_2_R.R"
bind/14/bone = -1
bind/14/pose = Transform3D(-0.056964, -0.447561, 0.892437, 0.997969, -1.00583e-07, 0.0637, -0.0285096, 0.894253, 0.446652, 8.79604, -29.8343, -13.2962)
bind/15/name = &"Middle_1_R.R"
bind/15/bone = -1
bind/15/pose = Transform3D(0.00868183, -0.447561, 0.894211, 0.999953, -1.01281e-07, -0.00970848, 0.00434513, 0.894253, 0.44754, 6.61908, -33.1535, -14.3858)
bind/16/name = &"Middle_2_R.R"
bind/16/bone = -1
bind/16/pose = Transform3D(-0.0125937, -0.447561, 0.894165, 0.999901, -1.00583e-07, 0.0140829, -0.00630296, 0.894253, 0.447516, 7.40055, -36.7292, -13.9946)
bind/17/name = &"Middle_3_R.R"
bind/17/bone = -1
bind/17/pose = Transform3D(-0.117547, -0.431849, 0.894254, 0.964894, -0.262639, -1.93715e-07, 0.234866, 0.86286, 0.447561, 11.2654, -33.6612, -22.9501)
bind/18/name = &"Knuckle_3_R.R"
bind/18/bone = -1
bind/18/pose = Transform3D(-0.576955, -0.447561, 0.683237, 0.76403, -5.96046e-08, 0.64518, -0.288757, 0.894253, 0.34195, 24.3393, -22.8343, -5.51706)
bind/19/name = &"Index_1_R.L"
bind/19/bone = -1
bind/19/pose = Transform3D(-0.0270861, -0.447561, 0.893843, 0.999541, -1.03377e-07, 0.030289, -0.0135562, 0.894253, 0.447356, 5.63052, -33.0826, -14.8805)
bind/20/name = &"Index_2_R.L"
bind/20/bone = -1
bind/20/pose = Transform3D(-0.0119222, -0.447561, 0.894174, 0.999911, -8.70787e-08, 0.013332, -0.00596687, 0.894253, 0.447521, 5.07685, -36.4861, -15.1576)
bind/21/name = &"Index_3_R.L"
bind/21/bone = -1
bind/21/pose = Transform3D(-0.0851645, -0.439383, 0.894254, 0.981729, -0.190286, -1.71363e-07, 0.170164, 0.877914, 0.447561, 7.80769, -35.3299, -21.7779)
bind/22/name = &"Palm_Thumb_R.R"
bind/22/bone = -1
bind/22/pose = Transform3D(-0.849514, -0.474371, 0.230863, 0.338892, -0.155304, 0.927918, -0.404324, 0.866517, 0.292694, 30.9, -6.61508, -2.53455)
bind/23/name = &"Thumb_1_R.L"
bind/23/bone = -1
bind/23/pose = Transform3D(-0.85294, -0.480197, 0.204706, 0.233373, -2.23517e-08, 0.972387, -0.466938, 0.87716, 0.112065, 31.1851, -10.3833, -0.209936)
bind/24/name = &"Thumb_2_R.L"
bind/24/bone = -1
bind/24/pose = Transform3D(-0.588265, -0.480197, 0.650657, 0.741776, -1.3411e-07, 0.670647, -0.322043, 0.87716, 0.356199, 20.0958, -26.9055, -6.28074)
bind/25/name = &"Shoulder_R.L"
bind/25/bone = -1
bind/25/pose = Transform3D(0.0682971, -0.521015, 0.850811, -0.694552, -0.637031, -0.334348, 0.716193, -0.568098, -0.40538, 8.34784, 11.7158, 10.626)
bind/26/name = &"Arm_1_R.L"
bind/26/bone = -1
bind/26/pose = Transform3D(-0.00561135, -0.443209, 0.896401, -0.999924, 0.0123354, -0.00016048, -0.0109863, -0.896334, -0.443245, 6.96989, -3.5854, 12.9796)
bind/27/name = &"Arm_2_R.L"
bind/27/bone = -1
bind/27/pose = Transform3D(-0.00561126, -0.443209, 0.896401, -0.999924, 0.0123353, -0.000160447, -0.0109862, -0.896334, -0.443244, 6.96989, -6.04346, 12.9796)
bind/28/name = &"Arm_3_R.L"
bind/28/bone = -1
bind/28/pose = Transform3D(-0.00561118, -0.443209, 0.896401, -0.999924, 0.0123351, -0.000160459, -0.010986, -0.896334, -0.443244, 6.96989, -9.22096, 12.9796)
bind/29/name = &"Arm_4_R.L"
bind/29/bone = -1
bind/29/pose = Transform3D(-0.00561129, -0.443209, 0.896401, -0.999924, 0.0123354, -0.000160438, -0.0109863, -0.896333, -0.443245, 6.96989, -12.2186, 12.9796)
bind/30/name = &"Arm_5_R.L"
bind/30/bone = -1
bind/30/pose = Transform3D(-0.00561135, -0.443209, 0.896401, -0.999924, 0.0123354, -0.000160477, -0.0109863, -0.896334, -0.443245, 6.96989, -15.0963, 12.9796)
bind/31/name = &"Arm_6_R.L"
bind/31/bone = -1
bind/31/pose = Transform3D(-0.0500202, -0.440396, 0.896409, -0.993517, 0.113682, 0.000411775, -0.102087, -0.890577, -0.443228, 6.12712, -19.613, 11.2509)
bind/32/name = &"Arm_7_R.L"
bind/32/bone = -1
bind/32/pose = Transform3D(-0.0489234, -0.440538, 0.8964, -0.99389, 0.110376, 1.37836e-07, -0.0989407, -0.890923, -0.443246, 6.15224, -22.4901, 11.322)
bind/33/name = &"Arm_8_R.L"
bind/33/bone = -1
bind/33/pose = Transform3D(0.0349099, -0.445977, 0.894364, -0.996006, 0.0580639, 0.0678309, -0.0821812, -0.893159, -0.442168, 8.2471, -24.7646, 11.7595)
bind/34/name = &"Palm_R.L"
bind/34/bone = -1
bind/34/pose = Transform3D(-0.0440908, -0.896469, -0.440907, -0.995037, 5.21541e-08, 0.0995039, -0.0892022, 0.443106, -0.89202, 12.8617, -27.3914, -9.69701)
bind/35/name = &"Knuckle_1_R.L"
bind/35/bone = -1
bind/35/pose = Transform3D(0.106576, -0.987687, -0.11453, -0.732069, 6.70553e-08, -0.68123, 0.672842, 0.156447, -0.723055, 18.8262, -21.9562, 17.6893)
bind/36/name = &"Pinky_1_R.L"
bind/36/bone = -1
bind/36/pose = Transform3D(0.00566381, -0.89429, -0.447453, -0.99992, 6.79866e-08, -0.012657, 0.0113189, 0.447489, -0.894218, 13.2929, -32.507, -8.80297)
bind/37/name = &"Pinky_2_R.L"
bind/37/bone = -1
bind/37/pose = Transform3D(-0.0278094, -0.895124, -0.444949, -0.998053, 6.51926e-08, 0.0623784, -0.0558365, 0.445817, -0.893381, 12.1331, -35.0045, -11.1398)
bind/38/name = &"Pinky_3_R.L"
bind/38/bone = -1
bind/38/pose = Transform3D(0.178879, -0.435076, 0.882446, -0.968745, -0.234555, 0.0807289, 0.171859, -0.869306, -0.463435, 15.5523, -32.3787, 19.1591)
bind/39/name = &"Knuckle_2_R.L"
bind/39/bone = -1
bind/39/pose = Transform3D(-0.028394, -0.895162, -0.444837, -0.997969, 5.02914e-08, 0.0637004, -0.0570222, 0.445742, -0.893344, 13.3116, -29.9204, -8.77393)
bind/40/name = &"Middle_1_R.L"
bind/40/bone = -1
bind/40/pose = Transform3D(0.00434455, -0.894275, -0.447498, -0.999953, 5.75092e-08, -0.00970813, 0.00868169, 0.447519, -0.894233, 14.3864, -33.2398, -6.61765)
bind/41/name = &"Middle_2_R.L"
bind/41/bone = -1
bind/41/pose = Transform3D(-0.0063019, -0.894298, -0.447428, -0.999901, 5.96047e-08, 0.0140833, -0.0125947, 0.447472, -0.894209, 13.9948, -36.8155, -7.40025)
bind/42/name = &"Middle_3_R.L"
bind/42/bone = -1
bind/42/pose = Transform3D(0.117547, -0.431849, 0.894254, -0.964894, -0.262639, 1.04308e-07, 0.234866, -0.86286, -0.447561, 11.2755, -33.7445, 22.9704)
bind/43/name = &"Knuckle_3_R.L"
bind/43/bone = -1
bind/43/pose = Transform3D(-0.126964, -0.980446, -0.150352, -0.76403, 7.45058e-08, 0.645181, -0.632565, 0.196788, -0.74909, 11.7093, -22.9003, -22.0881)
bind/44/name = &"Index_1_R.R"
bind/44/bone = -1
bind/44/pose = Transform3D(-0.0135439, -0.894459, -0.446945, -0.999541, 8.38191e-08, 0.0302892, -0.0270925, 0.44715, -0.894049, 14.8819, -33.1689, -5.62603)
bind/45/name = &"Index_2_R.R"
bind/45/bone = -1
bind/45/pose = Transform3D(-0.00596599, -0.894293, -0.447442, -0.999911, 9.68576e-08, 0.0133323, -0.011923, 0.447482, -0.894214, 15.1576, -36.5725, -5.07654)
bind/46/name = &"Index_3_R.R"
bind/46/bone = -1
bind/46/pose = Transform3D(0.0851649, -0.439383, 0.894254, -0.981729, -0.190286, 7.45058e-08, 0.170164, -0.877914, -0.447561, 7.81505, -35.4146, 21.7927)
bind/47/name = &"Palm_Thumb_R.L"
bind/47/bone = -1
bind/47/pose = Transform3D(0.849514, -0.474371, 0.230863, -0.338892, -0.155304, 0.927919, -0.404324, -0.866517, -0.292693, 30.9733, -6.64435, 2.49964)
bind/48/name = &"Thumb_1_R.R"
bind/48/bone = -1
bind/48/pose = Transform3D(-0.442877, -0.89026, -0.10629, -0.233373, -3.72529e-08, 0.972387, -0.865677, 0.455453, -0.207762, 1.04464, -10.4035, -31.2418)
bind/49/name = &"Thumb_2_R.R"
bind/49/bone = -1
bind/49/pose = Transform3D(-0.588266, 0.480198, -0.650657, -0.741776, 0, 0.670648, 0.322043, 0.87716, 0.356199, -20.1466, -26.9696, -6.25294)
bind/50/name = &"Body_Bottom"
bind/50/bone = -1
bind/50/pose = Transform3D(1.29874e-07, 0.437469, 0.899234, -1.79179e-07, 0.899234, -0.437469, -1, -5.64959e-08, 1.80765e-07, -3.06518, 0.787339, -0.0431746)
bind/51/name = &"Body_Mid"
bind/51/bone = -1
bind/51/pose = Transform3D(1.87844e-07, 0.0905358, 0.995893, 6.72587e-08, 0.995893, -0.0905358, -1, 1.31801e-07, 1.66574e-07, -1.25189, -5.34771, -0.0431756)
bind/52/name = &"Body_Top"
bind/52/bone = -1
bind/52/pose = Transform3D(2.232e-07, -0.0379473, 0.99928, 1.26711e-07, 0.99928, 0.0379473, -1, 1.65962e-07, 2.13439e-07, 0.123839, -10.718, -0.043176)
bind/53/name = &"Neck_Bottom"
bind/53/bone = -1
bind/53/pose = Transform3D(1.57723e-07, -0.265156, 0.964205, 2.23024e-08, 0.964205, 0.265156, -1, 2.74953e-08, 1.43582e-07, 3.65072, -15.0209, -0.0431738)
bind/54/name = &"Head_Bottom"
bind/54/bone = -1
bind/54/pose = Transform3D(-0.076444, -0.407145, -0.910159, -0.0354893, 0.913362, -0.405598, 0.996442, 0.00129528, -0.0842704, 8.28544, -15.8492, 0.114477)
bind/55/name = &"Neck_Top"
bind/55/bone = -1
bind/55/pose = Transform3D(1.90453e-07, -0.683556, 0.729898, 2.55876e-07, 0.729898, 0.683556, -1, 1.13338e-07, 2.7533e-07, 11.3818, -13.7953, -0.0431754)
bind/56/name = &"Chin_Back"
bind/56/bone = -1
bind/56/pose = Transform3D(-1, 2.75291e-07, 3.52491e-07, 2.68186e-07, -0.274164, 0.961683, 3.14607e-07, 0.961683, 0.274164, -0.0431793, 1.44818, -22.0751)
bind/57/name = &"Chin"
bind/57/bone = -1
bind/57/pose = Transform3D(-1, -1.77733e-07, 2.72708e-07, 2.612e-07, 0.0140828, 0.999901, -2.277e-07, 0.999901, -0.0140831, -0.0431694, -11.5285, -19.5866)
bind/58/name = &"Chin.001.L"
bind/58/bone = -1
bind/58/pose = Transform3D(-0.26194, 0.399582, 0.878477, 0.898096, 0.434141, 0.0703173, -0.353285, 0.807376, -0.472582, -21.4159, -9.63919, -8.74769)
bind/59/name = &"Chin.002.L"
bind/59/bone = -1
bind/59/pose = Transform3D(-0.284403, 0.404622, 0.869135, 0.656748, 0.742672, -0.130844, -0.698424, 0.533591, -0.476953, -21.3093, -15.765, -1.80281)
bind/60/name = &"Chin.003.L"
bind/60/bone = -1
bind/60/pose = Transform3D(-0.369423, 0.321595, 0.871839, 0.442868, 0.885736, -0.139065, -0.816942, 0.334736, -0.469635, -18.9278, -21.298, 3.4413)
bind/61/name = &"Chin.001.R"
bind/61/bone = -1
bind/61/pose = Transform3D(0.26194, 0.399582, 0.878477, -0.898096, 0.434141, 0.0703178, -0.353285, -0.807376, 0.472582, -21.3932, -9.71674, 8.71721)
bind/62/name = &"Chin.002.R"
bind/62/bone = -1
bind/62/pose = Transform3D(0.324801, 0.358003, 0.875407, -0.589697, 0.800304, -0.108494, -0.739433, -0.480987, 0.471053, -20.2639, -17.1882, 0.586496)
bind/63/name = &"Chin.003.R"
bind/63/bone = -1
bind/63/pose = Transform3D(0.369423, 0.321595, 0.871839, -0.442868, 0.885736, -0.139065, -0.816942, -0.334736, 0.469636, -19.1205, -21.1714, -3.25979)
bind/64/name = &"Neck_Top.002"
bind/64/bone = -1
bind/64/pose = Transform3D(-0.0781181, -0.490842, -0.867739, -1.37836e-07, 0.870399, -0.492347, 0.996944, -0.0384611, -0.067994, 10.7042, -25.3191, 1.25195)
bind/65/name = &"Neck_Top.003"
bind/65/bone = -1
bind/65/pose = Transform3D(-0.0781177, 0.522974, -0.848761, 2.6077e-08, 0.851363, 0.524577, 0.996944, 0.0409787, -0.0665065, -21.9161, -24.3974, -1.30408)
bind/66/name = &"Neck_Top.004"
bind/66/bone = -1
bind/66/pose = Transform3D(-0.0781174, 0.996782, 0.0179602, 1.73575e-07, -0.0180153, 0.999838, 0.996944, 0.0781047, 0.00140715, -37.0935, 3.51268, -2.49333)
bind/67/name = &"Neck_Top.005"
bind/67/bone = -1
bind/67/pose = Transform3D(-0.0781174, 0.979033, 0.188126, 1.75089e-07, -0.188702, 0.982034, 0.996944, 0.0767139, 0.0147408, -36.8944, 4.35226, -2.47773)
bind/68/name = &"Nose"
bind/68/bone = -1
bind/68/pose = Transform3D(-0.996194, 0.0868243, 0.00759647, 6.78468e-07, -0.087156, 0.996195, 0.087156, 0.992404, 0.0868242, -2.84777, -14.2443, -31.8225)
bind/69/name = &"Chin.007.L.002.L"
bind/69/bone = -1
bind/69/pose = Transform3D(-0.886417, 0.10799, -0.450115, -0.452776, -0.000140291, 0.891624, 0.0962232, 0.994152, 0.0490196, 7.94712, -10.8483, -31.2384)
bind/70/name = &"EyeLeft.L"
bind/70/bone = -1
bind/70/pose = Transform3D(-0.996194, 0.0868241, 0.00759632, 3.83239e-07, -0.0871557, 0.996195, 0.0871558, 0.992404, 0.0868239, 3.93684, -8.00042, -34.0493)
bind/71/name = &"Chin.007.L.004.L"
bind/71/bone = -1
bind/71/pose = Transform3D(0.808997, -0.0497536, 0.585703, 0.584939, -0.0302688, -0.810512, 0.0580544, 0.998303, 0.00461539, -7.51781, 3.811, -38.2529)
bind/72/name = &"Chin.007.L.005.L"
bind/72/bone = -1
bind/72/pose = Transform3D(0.40593, -0.0305863, 0.913392, 0.821562, -0.425575, -0.37937, 0.400321, 0.904406, -0.147625, -4.26814, 7.61235, -38.2312)
bind/73/name = &"Chin.007.L.006.R"
bind/73/bone = -1
bind/73/pose = Transform3D(0.162123, -0.0197752, 0.986572, 0.334467, -0.939514, -0.0737948, 0.928358, 0.34194, -0.145702, -0.218144, 26.1099, -28.2565)
bind/74/name = &"Chin.007.L.007.L"
bind/74/bone = -1
bind/74/pose = Transform3D(0.305936, 0.0395175, 0.951231, 0.919443, -0.271521, -0.284433, 0.247039, 0.961621, -0.119402, -6.41579, -0.794194, -26.701)
bind/75/name = &"Chin.007.L.008.L"
bind/75/bone = -1
bind/75/pose = Transform3D(0.18587, -0.104661, 0.976984, 0.637438, -0.743835, -0.200956, 0.747747, 0.660118, -0.0715418, -1.39497, 10.8706, -25.5264)
bind/76/name = &"Chin.007.L.009.R"
bind/76/bone = -1
bind/76/pose = Transform3D(0.174466, 0.133267, 0.975603, 0.343471, -0.936803, 0.0665447, 0.922816, 0.323482, -0.209214, -6.4704, 15.514, -20.556)
bind/77/name = &"Chin.007.L.002.R"
bind/77/bone = -1
bind/77/pose = Transform3D(0.886376, 0.108409, -0.450096, 0.452778, -0.000142034, 0.891623, 0.0965958, -0.994106, -0.0492109, 8.05488, -10.7824, 31.2549)
bind/78/name = &"EyeRight.R"
bind/78/bone = -1
bind/78/pose = Transform3D(0.996194, 0.0868239, 0.00759609, -2.84053e-08, -0.0871561, 0.996194, 0.0871557, -0.992404, -0.0868243, 4.07457, -7.99683, 34.061)
bind/79/name = &"Chin.007.L.004.R"
bind/79/bone = -1
bind/79/pose = Transform3D(-0.808997, -0.0497512, 0.585704, -0.584939, -0.0302687, -0.810512, 0.0580524, -0.998303, -0.00461424, -7.62761, 3.72724, 38.2609)
bind/80/name = &"Chin.007.L.005.R"
bind/80/bone = -1
bind/80/pose = Transform3D(-0.40593, -0.0305864, 0.913392, -0.821562, -0.425575, -0.37937, 0.400321, -0.904406, 0.147625, -4.32097, 7.49743, 38.287)
bind/81/name = &"Chin.007.L.006.L"
bind/81/bone = -1
bind/81/pose = Transform3D(-0.162123, -0.0197751, 0.986573, -0.334467, -0.939514, -0.0737946, 0.928358, -0.34194, 0.145702, -0.237019, 26.0634, 28.3854)
bind/82/name = &"Chin.007.L.007.R"
bind/82/bone = -1
bind/82/pose = Transform3D(-0.305935, 0.0395164, 0.951232, -0.919443, -0.27152, -0.284432, 0.247039, -0.961621, 0.119401, -6.45463, -0.922308, 26.7356)
bind/83/name = &"Chin.007.L.008.R"
bind/83/bone = -1
bind/83/pose = Transform3D(-0.18587, -0.104661, 0.976985, -0.637438, -0.743835, -0.200956, 0.747747, -0.660118, 0.0715414, -1.41715, 10.7818, 25.6301)
bind/84/name = &"Chin.007.L.009.L"
bind/84/bone = -1
bind/84/pose = Transform3D(-0.174466, 0.133268, 0.975603, -0.34347, -0.936803, 0.0665453, 0.922816, -0.323481, 0.209213, -6.49102, 15.4668, 20.6843)
bind/85/name = &"TopHair.008.L"
bind/85/bone = -1
bind/85/pose = Transform3D(0.302979, -0.670682, -0.677045, 0.896124, 0.442252, -0.0370786, 0.324293, -0.595482, 0.735007, 30.5094, -15.2577, 8.54677)
bind/86/name = &"TopHair.001.L"
bind/86/bone = -1
bind/86/pose = Transform3D(1.14031e-07, 2.88439e-07, 1, 0.931457, 0.363851, -2.63773e-07, -0.363851, 0.931457, -3.44899e-07, -13.7011, -16.1802, -29.7311)
bind/87/name = &"TopHair.002.L"
bind/87/bone = -1
bind/87/pose = Transform3D(-5.21224e-08, 5.10115e-07, 1, 0.900159, 0.435561, -2.36919e-07, -0.435561, 0.900159, -5.95134e-07, -13.7011, -21.8774, -28.1067)
bind/88/name = &"TopHair.003.L"
bind/88/bone = -1
bind/88/pose = Transform3D(0.405291, -0.216783, 0.888113, 0.783124, -0.418881, -0.459626, 0.471652, 0.881784, -7.45058e-07, -8.10275, 14.1528, -35.6176)
bind/89/name = &"TopHair.004.L"
bind/89/bone = -1
bind/89/pose = Transform3D(0.0556531, -0.48497, 0.872758, 0.0994996, -0.867068, -0.488153, 0.99348, 0.114006, -7.7486e-07, 5.21965, 34.8165, -15.0005)
bind/90/name = &"TopHair.005.L"
bind/90/bone = -1
bind/90/pose = Transform3D(0.791468, 0.357437, 0.495799, -0.451857, -0.204064, 0.868437, 0.411586, -0.911371, -2.68221e-07, -25.6344, 2.28578, 23.8685)
bind/91/name = &"TopHair.006.L"
bind/91/bone = -1
bind/91/pose = Transform3D(0.0285419, -0.00186872, 0.999591, -0.997459, 0.0652543, 0.0286032, -0.065281, -0.997867, -1.49547e-06, -13.9221, 7.52961, 31.2668)
bind/92/name = &"TopHair.007.L"
bind/92/bone = -1
bind/92/pose = Transform3D(-0.0223145, 0.00736686, 0.999724, -0.948017, 0.317351, -0.0234987, -0.317437, -0.948279, -9.75956e-05, -13.9765, -5.15874, 30.89)
bind/93/name = &"TopHair.008.R"
bind/93/bone = -1
bind/93/pose = Transform3D(-0.302979, -0.670681, -0.677045, -0.896124, 0.442252, -0.0370782, 0.324292, 0.595482, -0.735007, 30.4732, -15.3575, -8.51334)
bind/94/name = &"TopHair.001.R"
bind/94/bone = -1
bind/94/pose = Transform3D(8.01081e-07, 1.49089e-06, 1, -0.931457, 0.36385, 1.28011e-07, -0.363851, -0.931457, 1.68177e-06, -13.6976, -16.2838, 29.6906)
bind/95/name = &"TopHair.002.R"
bind/95/bone = -1
bind/95/pose = Transform3D(4.68609e-07, 5.66064e-07, 1, -0.900159, 0.435561, 9.9672e-08, -0.435561, -0.900159, 7.0933e-07, -13.6976, -21.9775, 28.0583)
bind/96/name = &"TopHair.003.R"
bind/96/bone = -1
bind/96/pose = Transform3D(-0.405291, -0.216782, 0.888113, -0.783124, -0.418881, -0.459626, 0.471652, -0.881785, 1.59442e-06, -8.14469, 14.064, 35.6701)
bind/97/name = &"TopHair.004.R"
bind/97/bone = -1
bind/97/pose = Transform3D(-0.055653, -0.48497, 0.872758, -0.0994999, -0.867068, -0.488153, 0.99348, -0.114006, 5.69969e-07, 5.21659, 34.8037, 15.1111)
bind/98/name = &"TopHair.005.R"
bind/98/bone = -1
bind/98/pose = Transform3D(-0.791468, 0.357436, 0.4958, 0.451857, -0.204065, 0.868437, 0.411586, 0.911371, 5.0664e-07, -25.7207, 2.33918, -23.8227)
bind/99/name = &"TopHair.006.R"
bind/99/bone = -1
bind/99/pose = Transform3D(-0.0285414, -0.00186793, 0.999591, 0.997459, 0.0652542, 0.0286024, -0.065281, 0.997867, 5.15371e-07, -13.9218, 7.64068, -31.274)
bind/100/name = &"TopHair.007.R"
bind/100/bone = -1
bind/100/pose = Transform3D(0.0223148, 0.00736709, 0.999724, 0.948017, 0.317351, -0.0234993, -0.317437, 0.94828, 9.73037e-05, -13.9704, -5.05336, -30.9253)
bind/101/name = &"TopHair.008.L.001.L"
bind/101/bone = -1
bind/101/pose = Transform3D(0.213007, -0.709278, -0.671976, 0.924094, 0.369599, -0.0971906, 0.317297, -0.600267, 0.734168, 33.7295, -11.5714, 9.6606)
bind/102/name = &"TopHair.008.L.002.L"
bind/102/bone = -1
bind/102/pose = Transform3D(0.201014, -0.711334, -0.673496, 0.961519, 0.27472, -0.00317615, 0.187282, -0.646941, 0.739184, 33.8552, -12.1308, 11.5682)
bind/103/name = &"TopHair.008.L.003.L"
bind/103/bone = -1
bind/103/pose = Transform3D(0.0535011, -0.768239, -0.637923, 0.888503, 0.328186, -0.320712, 0.455741, -0.549638, 0.700142, 36.2899, -12.6309, 6.99681)
bind/104/name = &"TopHair.008.L.004.L"
bind/104/bone = -1
bind/104/pose = Transform3D(-0.752653, -0.37254, -0.542889, 0.657611, -0.466155, -0.591818, -0.0325943, -0.802443, 0.595839, 28.3316, 18.4267, 22.6165)
bind/105/name = &"TopHair.008.L.001.R"
bind/105/bone = -1
bind/105/pose = Transform3D(-0.213007, -0.709278, -0.671977, -0.924094, 0.369599, -0.0971907, 0.317297, 0.600268, -0.734167, 33.7034, -11.6745, -9.62796)
bind/106/name = &"TopHair.008.L.002.R"
bind/106/bone = -1
bind/106/pose = Transform3D(-0.201014, -0.711334, -0.673496, -0.961519, 0.27472, -0.0031758, 0.187282, 0.646941, -0.739184, 33.8304, -12.2378, -11.55)
bind/107/name = &"TopHair.008.L.003.R"
bind/107/bone = -1
bind/107/pose = Transform3D(-0.0535005, -0.768238, -0.637924, -0.888503, 0.328186, -0.320712, 0.455741, 0.54964, -0.70014, 36.2816, -12.7309, -6.94869)
bind/108/name = &"TopHair.008.L.004.R"
bind/108/bone = -1
bind/108/pose = Transform3D(0.752652, -0.37254, -0.542889, -0.657611, -0.466154, -0.591817, -0.0325942, 0.802442, -0.595839, 28.4134, 18.3515, -22.6222)
bind/109/name = &"Chin.007.L"
bind/109/bone = -1
bind/109/pose = Transform3D(-0.0995141, -0.912789, 0.396122, 0.953677, -0.201077, -0.22376, 0.283896, 0.355505, 0.890516, 18.5439, 10.1051, -27.2696)
bind/110/name = &"Chin.006.L"
bind/110/bone = -1
bind/110/pose = Transform3D(-0.324797, -0.67462, -0.662869, 0.889641, 0.0199599, -0.456226, 0.32101, -0.737896, 0.593686, 32.0945, 6.24705, 9.086)
bind/111/name = &"Chin.005.L"
bind/111/bone = -1
bind/111/pose = Transform3D(-0.7671, -0.339242, -0.544493, 0.545565, 0.101568, -0.831891, 0.337515, -0.9352, 0.107166, 21.8923, 10.4295, 23.4089)
bind/112/name = &"Chin.004.L"
bind/112/bone = -1
bind/112/pose = Transform3D(0.415443, 0.406797, 0.813587, 0.625704, -0.777003, 0.0690008, 0.660229, 0.480399, -0.577335, -25.8451, 17.8545, -8.9393)
bind/113/name = &"Chin.007.R"
bind/113/bone = -1
bind/113/pose = Transform3D(0.0995136, -0.912788, 0.396125, -0.953677, -0.201076, -0.223759, 0.283896, -0.355508, -0.890515, 18.5537, 10.0099, 27.298)
bind/114/name = &"Chin.006.R"
bind/114/bone = -1
bind/114/pose = Transform3D(0.327586, -0.674682, -0.661432, -0.887617, 0.0201315, -0.460143, 0.323766, 0.737834, -0.592264, 32.1074, 6.23091, -9.07321)
bind/115/name = &"Chin.005.R"
bind/115/bone = -1
bind/115/pose = Transform3D(0.7671, -0.33924, -0.544494, -0.545566, 0.101568, -0.831891, 0.337514, 0.935201, -0.107165, 21.9585, 10.3824, -23.3798)
bind/116/name = &"Chin.004.R"
bind/116/bone = -1
bind/116/pose = Transform3D(-0.426421, 0.353122, 0.832748, -0.573366, -0.817577, 0.0530889, 0.699583, -0.454831, 0.551101, -24.683, 19.4877, 8.86549)
bind/117/name = &"BodyGrounded"
bind/117/bone = -1
bind/117/pose = Transform3D(3.42147e-07, -0.999965, 0.00837239, 1.51801e-07, 0.00837249, 0.999965, -1, -3.43081e-07, 1.53806e-07, 0.714835, 9.12533, -0.043173)

[sub_resource type="ArrayMesh" id="ArrayMesh_3o5sn"]
resource_name = "tweak-final_Plane_003"
_surfaces = [{
"aabb": AABB(5.48675, 30.6913, 13.9119, 1.8618, 3.55844, 0.320938),
"attribute_data": PackedByteArray("kVYMP7hKvT7OqkE/zIeCPs6qQT+2Sr0+kVYMP8yHgj7OqkE/tkq9Pgr/dj/Mh4I+Cf92P7RKvT7OqkE/zIeCPs6qQT/Mh4I+Cf92P8SJDz4K/3Y/zIeCPsyqQT/EiQ8+kVYMP8yHgj7MqkE/xIkPPs6qQT/Mh4I+kFYMP8SJDz4="),
"bone_aabbs": [AABB(0, 0, 0, -1, -1, -1), AABB(0, 0, 0, -1, -1, -1), AABB(0, 0, 0, -1, -1, -1), AABB(0, 0, 0, -1, -1, -1), AABB(0, 0, 0, -1, -1, -1), AABB(0, 0, 0, -1, -1, -1), AABB(0, 0, 0, -1, -1, -1), AABB(0, 0, 0, -1, -1, -1), AABB(0, 0, 0, -1, -1, -1), AABB(0, 0, 0, -1, -1, -1), AABB(0, 0, 0, -1, -1, -1), AABB(0, 0, 0, -1, -1, -1), AABB(0, 0, 0, -1, -1, -1), AABB(0, 0, 0, -1, -1, -1), AABB(0, 0, 0, -1, -1, -1), AABB(0, 0, 0, -1, -1, -1), AABB(0, 0, 0, -1, -1, -1), AABB(0, 0, 0, -1, -1, -1), AABB(0, 0, 0, -1, -1, -1), AABB(0, 0, 0, -1, -1, -1), AABB(0, 0, 0, -1, -1, -1), AABB(0, 0, 0, -1, -1, -1), AABB(0, 0, 0, -1, -1, -1), AABB(0, 0, 0, -1, -1, -1), AABB(0, 0, 0, -1, -1, -1), AABB(0, 0, 0, -1, -1, -1), AABB(0, 0, 0, -1, -1, -1), AABB(0, 0, 0, -1, -1, -1), AABB(0, 0, 0, -1, -1, -1), AABB(0, 0, 0, -1, -1, -1), AABB(0, 0, 0, -1, -1, -1), AABB(0, 0, 0, -1, -1, -1), AABB(0, 0, 0, -1, -1, -1), AABB(0, 0, 0, -1, -1, -1), AABB(0, 0, 0, -1, -1, -1), AABB(0, 0, 0, -1, -1, -1), AABB(0, 0, 0, -1, -1, -1), AABB(0, 0, 0, -1, -1, -1), AABB(0, 0, 0, -1, -1, -1), AABB(0, 0, 0, -1, -1, -1), AABB(0, 0, 0, -1, -1, -1), AABB(0, 0, 0, -1, -1, -1), AABB(0, 0, 0, -1, -1, -1), AABB(0, 0, 0, -1, -1, -1), AABB(0, 0, 0, -1, -1, -1), AABB(0, 0, 0, -1, -1, -1), AABB(0, 0, 0, -1, -1, -1), AABB(0, 0, 0, -1, -1, -1), AABB(0, 0, 0, -1, -1, -1), AABB(0, 0, 0, -1, -1, -1), AABB(0, 0, 0, -1, -1, -1), AABB(0, 0, 0, -1, -1, -1), AABB(0, 0, 0, -1, -1, -1), AABB(0, 0, 0, -1, -1, -1), AABB(0, 0, 0, -1, -1, -1), AABB(0, 0, 0, -1, -1, -1), AABB(0, 0, 0, -1, -1, -1), AABB(0, 0, 0, -1, -1, -1), AABB(0, 0, 0, -1, -1, -1), AABB(0, 0, 0, -1, -1, -1), AABB(0, 0, 0, -1, -1, -1), AABB(0, 0, 0, -1, -1, -1), AABB(0, 0, 0, -1, -1, -1), AABB(0, 0, 0, -1, -1, -1), AABB(0, 0, 0, -1, -1, -1), AABB(0, 0, 0, -1, -1, -1), AABB(0, 0, 0, -1, -1, -1), AABB(0, 0, 0, -1, -1, -1), AABB(0, 0, 0, -1, -1, -1), AABB(0, 0, 0, -1, -1, -1), AABB(5.48675, 30.6913, 13.9682, 1.8618, 3.2884, 0.264699), AABB(0, 0, 0, -1, -1, -1), AABB(0, 0, 0, -1, -1, -1), AABB(0, 0, 0, -1, -1, -1), AABB(0, 0, 0, -1, -1, -1), AABB(0, 0, 0, -1, -1, -1), AABB(0, 0, 0, -1, -1, -1), AABB(0, 0, 0, -1, -1, -1), AABB(0, 0, 0, -1, -1, -1), AABB(0, 0, 0, -1, -1, -1), AABB(0, 0, 0, -1, -1, -1), AABB(0, 0, 0, -1, -1, -1), AABB(0, 0, 0, -1, -1, -1), AABB(0, 0, 0, -1, -1, -1), AABB(0, 0, 0, -1, -1, -1), AABB(0, 0, 0, -1, -1, -1), AABB(5.48675, 30.6913, 13.9119, 1.8618, 3.55844, 0.320938), AABB(0, 0, 0, -1, -1, -1), AABB(0, 0, 0, -1, -1, -1), AABB(0, 0, 0, -1, -1, -1), AABB(0, 0, 0, -1, -1, -1), AABB(5.48675, 30.6913, 13.9682, 1.8618, 3.2884, 0.264699)],
"format": 34359745559,
"index_count": 24,
"index_data": PackedByteArray("AAABAAIAAAADAAEABAAFAAYABAAHAAUACAAJAAoACAALAAkADAANAA4ADAAPAA0A"),
"name": "Material",
"primitive": 3,
"skin_data": PackedByteArray("VgAAAAAAAAD//wAAAAAAAEYAVgBbAAAApdlbFf4QAABGAFsAVgAAAFykBTGcKgAAVgAAAAAAAAD//wAAAAAAAEYAWwBWAAAAXKQFMZwqAABbAEYAVgAAAKvRhCvOAgAAWwBGAFYAAAD2wNgzLwsAAEYAVgBbAAAApdlbFf4QAABGAFYAWwAAAKXZWxX+EAAAWwBGAFYAAACDsnhAAw0AAFsARgBWAAAAq9GEK84CAABGAFYAWwAAAO2vTTLEHQAAVgAAAAAAAAD//wAAAAAAAEYAVgBbAAAA7a9NMsQdAABGAFYAWwAAAKXZWxX+EAAAVgBGAFsAAAC50W0s2AEAAA=="),
"uv_scale": Vector4(0, 0, 0, 0),
"vertex_count": 16,
"vertex_data": PackedByteArray("Ld+xQK99B0Ltn15BaF3NQMThAUKNKGFBeJOvQNyeAUIRoWBBD43JQLD/CEJFl15BeJOvQNyeAUIRoWBBvy3RQLGH9UHVuWNB0xy4QLmw90F602JBaF3NQMThAUKNKGFBaF3NQMThAUKNKGFBoNvoQLKL+EEusWNBvy3RQLGH9UHVuWNBWSfrQK0kAkIIsGFBD43JQLD/CEJFl15BWSfrQK0kAkIIsGFBaF3NQMThAUKNKGFB+Z3iQCzrB0KgfV9BRnvnidyD/oZGe+eJbn7UhUZ754l7epKHRnvniWiHsIhGe+iJXoobikZ76IkmjuuLRnvoiXmS/o1Ge+iJaIewiEZ76IluftSFRnvoidyD/oZGe+iJaIewiEZ76Il7epKHRnvniSaO64tGe+eJXoobikZ754loh7CIRnvniXmS/o0=")
}]
blend_shape_mode = 0

[sub_resource type="ArrayMesh" id="ArrayMesh_nwbve"]
resource_name = "tweak-final_Plane_002"
_surfaces = [{
"aabb": AABB(-3.1668, 19.973, 14.4212, 5.88921, 4.45008, 2.31307),
"attribute_data": PackedByteArray("uD0FPrifPz5VaqM+4CrkPdAdkT5oQ+Q96XfnPbD2Sj63ylE+/sKgPhjkzD1MA1g+HPYePvQduz6HfIU+QmjWPjOToz5+77A+uD0FPrifPz7QHZE+aEPkPbfKUT7+wqA+h3yFPkJo1j4Y5Mw9TANYPhz2Hj70Hbs+6XfnPbD2Sj4="),
"bone_aabbs": [AABB(0, 0, 0, -1, -1, -1), AABB(0, 0, 0, -1, -1, -1), AABB(0, 0, 0, -1, -1, -1), AABB(0, 0, 0, -1, -1, -1), AABB(0, 0, 0, -1, -1, -1), AABB(0, 0, 0, -1, -1, -1), AABB(0, 0, 0, -1, -1, -1), AABB(0, 0, 0, -1, -1, -1), AABB(0, 0, 0, -1, -1, -1), AABB(0, 0, 0, -1, -1, -1), AABB(0, 0, 0, -1, -1, -1), AABB(0, 0, 0, -1, -1, -1), AABB(0, 0, 0, -1, -1, -1), AABB(0, 0, 0, -1, -1, -1), AABB(0, 0, 0, -1, -1, -1), AABB(0, 0, 0, -1, -1, -1), AABB(0, 0, 0, -1, -1, -1), AABB(0, 0, 0, -1, -1, -1), AABB(0, 0, 0, -1, -1, -1), AABB(0, 0, 0, -1, -1, -1), AABB(0, 0, 0, -1, -1, -1), AABB(0, 0, 0, -1, -1, -1), AABB(0, 0, 0, -1, -1, -1), AABB(0, 0, 0, -1, -1, -1), AABB(0, 0, 0, -1, -1, -1), AABB(0, 0, 0, -1, -1, -1), AABB(0, 0, 0, -1, -1, -1), AABB(0, 0, 0, -1, -1, -1), AABB(0, 0, 0, -1, -1, -1), AABB(0, 0, 0, -1, -1, -1), AABB(0, 0, 0, -1, -1, -1), AABB(0, 0, 0, -1, -1, -1), AABB(0, 0, 0, -1, -1, -1), AABB(0, 0, 0, -1, -1, -1), AABB(0, 0, 0, -1, -1, -1), AABB(0, 0, 0, -1, -1, -1), AABB(0, 0, 0, -1, -1, -1), AABB(0, 0, 0, -1, -1, -1), AABB(0, 0, 0, -1, -1, -1), AABB(0, 0, 0, -1, -1, -1), AABB(0, 0, 0, -1, -1, -1), AABB(0, 0, 0, -1, -1, -1), AABB(0, 0, 0, -1, -1, -1), AABB(0, 0, 0, -1, -1, -1), AABB(0, 0, 0, -1, -1, -1), AABB(0, 0, 0, -1, -1, -1), AABB(0, 0, 0, -1, -1, -1), AABB(0, 0, 0, -1, -1, -1), AABB(0, 0, 0, -1, -1, -1), AABB(0, 0, 0, -1, -1, -1), AABB(0, 0, 0, -1, -1, -1), AABB(0, 0, 0, -1, -1, -1), AABB(0, 0, 0, -1, -1, -1), AABB(0, 0, 0, -1, -1, -1), AABB(0, 0, 0, -1, -1, -1), AABB(0, 0, 0, -1, -1, -1), AABB(-3.1668, 21.2664, 14.4212, 5.88921, 3.15674, 2.31307), AABB(-3.1668, 19.973, 14.4212, 5.88921, 4.45008, 2.31307), AABB(-3.1668, 19.973, 14.4212, 5.88921, 4.45008, 2.31307), AABB(0, 0, 0, -1, -1, -1), AABB(0, 0, 0, -1, -1, -1), AABB(-3.1668, 21.2664, 14.4212, 5.88921, 3.15674, 2.31307)],
"format": 34359745559,
"index_count": 42,
"index_data": PackedByteArray("AAABAAIAAwABAAAAAQADAAQABAADAAUABAAFAAYAAQAEAAcAAQAHAAgACAAJAAEAAQAJAAoACQAIAAsACwAIAAwACQALAA0ADQALAA4ACQANAA8A"),
"primitive": 3,
"skin_data": PackedByteArray("OQA6ADgAPQAN1NMZTg/OAjkAOgAAAAAAFe3pEgAAAAA5ADoAAAAAAIfsdxMAAAAAOQA6ADgAPQDi0TwaHBDDAzkAOgA9ADgABLF9Kg8UbBA5ADoAOAA9AD3Pmhq5EW0EOQA6AD0AOADksJEqHRRrEDkAOgA9ADgAY5eRNkwdvRQ5ADoAPQA4ANCYqjYaHWkTOgA5ADgAPQANdHRNED1sAToAOQAAAAAAKsLUPQAAAAA5ADoAOAA9AFBvMVwSImkSOQA6AD0AOACuiVlENBnCGDoAOQA4AD0A0m+dTqQ+6QI5ADoAOAA9AHpvHFzxIXYSOgA5ADgAPQDUcQ9O5D02Ag=="),
"uv_scale": Vector4(0, 0, 0, 0),
"vertex_count": 16,
"vertex_data": PackedByteArray("1eIxwKqcq0HXHWhB6lCfvsTIn0FvNXRBXj1Xvxz5n0EGEnRBoTFBwKYRrUEuoGdBXaftvw8puEFpcntByaxKwGDRrkFvvWZBRbIfwNXkvkEi6XlBFV6Bv4Ziw0Fo5YJB3140vl2gukGmOIFByBgTQIchqkEo8W5BntZbPiDtn0Fq2HlBAW29P91Mt0Gn6IBBaM49P/QWw0Hj34VBCzwuQC4MrUH/xm1BwWMMQDONvUE5UYBBtG8jQGBpq0GOlG5B0mKJaAbVS0cddbZjFAD3uNJiiWjq1WZG0mKJaJjWtkXSYolom9a0RdJiiWi+1pFF0mKJaMXWiUXSYoloadblRdx2QGNwANe5WY4LZBkUfb5Zjgtk7yKjsVmOC2QDFtW8WY4LZFQY07pZjgtk2xOnwFmOC2QlE1jAWY4LZM8XZcI=")
}]
blend_shape_mode = 0

[sub_resource type="ArrayMesh" id="ArrayMesh_syh3i"]
resource_name = "tweak-final_Plane"
_surfaces = [{
"aabb": AABB(-43.7942, 0.0213273, -9.85753, 87.5021, 38.42, 29.643),
